w000r000k000.pol1
3.00e-3 = gamma
-50	-50	0	50	-50	0	101
-50	-49	0	50	-49	0	101
-50	-48	0	50	-48	0	101
-50	-47	0	50	-47	0	101
-50	-46	0	50	-46	0	101
-50	-45	0	50	-45	0	101
-50	-44	0	50	-44	0	101
-50	-43	0	50	-43	0	101
-50	-42	0	50	-42	0	101
-50	-41	0	50	-41	0	101
-50	-40	0	50	-40	0	101
-50	-39	0	50	-39	0	101
-50	-38	0	50	-38	0	101
-50	-37	0	50	-37	0	101
-50	-36	0	50	-36	0	101
-50	-35	0	50	-35	0	101
-50	-34	0	50	-34	0	101
-50	-33	0	50	-33	0	101
-50	-32	0	50	-32	0	101
-50	-31	0	50	-31	0	101
-50	-30	0	50	-30	0	101
-50	-29	0	50	-29	0	101
-50	-28	0	50	-28	0	101
-50	-27	0	50	-27	0	101
-50	-26	0	50	-26	0	101
-50	-25	0	50	-25	0	101
-50	-24	0	50	-24	0	101
-50	-23	0	50	-23	0	101
-50	-22	0	50	-22	0	101
-50	-21	0	50	-21	0	101
-50	-20	0	50	-20	0	101
-50	-19	0	50	-19	0	101
-50	-18	0	50	-18	0	101
-50	-17	0	50	-17	0	101
-50	-16	0	50	-16	0	101
-50	-15	0	50	-15	0	101
-50	-14	0	50	-14	0	101
-50	-13	0	50	-13	0	101
-50	-12	0	50	-12	0	101
-50	-11	0	50	-11	0	101
-50	-10	0	50	-10	0	101
-50	-9	0	50	-9	0	101
-50	-8	0	50	-8	0	101
-50	-7	0	50	-7	0	101
-50	-6	0	50	-6	0	101
-50	-5	0	50	-5	0	101
-50	-4	0	50	-4	0	101
-50	-3	0	50	-3	0	101
-50	-2	0	50	-2	0	101
-50	-1	0	50	-1	0	101
-50	0	0	50	0	0	101
-50	1	0	50	1	0	101
-50	2	0	50	2	0	101
-50	3	0	50	3	0	101
-50	4	0	50	4	0	101
-50	5	0	50	5	0	101
-50	6	0	50	6	0	101
-50	7	0	50	7	0	101
-50	8	0	50	8	0	101
-50	9	0	50	9	0	101
-50	10	0	50	10	0	101
-50	11	0	50	11	0	101
-50	12	0	50	12	0	101
-50	13	0	50	13	0	101
-50	14	0	50	14	0	101
-50	15	0	50	15	0	101
-50	16	0	50	16	0	101
-50	17	0	50	17	0	101
-50	18	0	50	18	0	101
-50	19	0	50	19	0	101
-50	20	0	50	20	0	101
-50	21	0	50	21	0	101
-50	22	0	50	22	0	101
-50	23	0	50	23	0	101
-50	24	0	50	24	0	101
-50	25	0	50	25	0	101
-50	26	0	50	26	0	101
-50	27	0	50	27	0	101
-50	28	0	50	28	0	101
-50	29	0	50	29	0	101
-50	30	0	50	30	0	101
-50	31	0	50	31	0	101
-50	32	0	50	32	0	101
-50	33	0	50	33	0	101
-50	34	0	50	34	0	101
-50	35	0	50	35	0	101
-50	36	0	50	36	0	101
-50	37	0	50	37	0	101
-50	38	0	50	38	0	101
-50	39	0	50	39	0	101
-50	40	0	50	40	0	101
-50	41	0	50	41	0	101
-50	42	0	50	42	0	101
-50	43	0	50	43	0	101
-50	44	0	50	44	0	101
-50	45	0	50	45	0	101
-50	46	0	50	46	0	101
-50	47	0	50	47	0	101
-50	48	0	50	48	0	101
-50	49	0	50	49	0	101
-50	50	0	50	50	0	101


